{
 "cells": [
  {
   "cell_type": "code",
   "execution_count": 1,
   "metadata": {},
   "outputs": [
    {
     "name": "stderr",
     "output_type": "stream",
     "text": [
      "/tmp/ipykernel_88884/2389682746.py:3: DeprecationWarning: \n",
      "Pyarrow will become a required dependency of pandas in the next major release of pandas (pandas 3.0),\n",
      "(to allow more performant data types, such as the Arrow string type, and better interoperability with other libraries)\n",
      "but was not found to be installed on your system.\n",
      "If this would cause problems for you,\n",
      "please provide us feedback at https://github.com/pandas-dev/pandas/issues/54466\n",
      "        \n",
      "  import pandas as pd\n",
      "/home/avila/micromamba/envs/panspace/lib/python3.9/site-packages/tqdm/auto.py:21: TqdmWarning: IProgress not found. Please update jupyter and ipywidgets. See https://ipywidgets.readthedocs.io/en/stable/user_install.html\n",
      "  from .autonotebook import tqdm as notebook_tqdm\n"
     ]
    }
   ],
   "source": [
    "import json\n",
    "import numpy as np \n",
    "import pandas as pd \n",
    "\n",
    "from cleanlab.filter import find_label_issues\n",
    "\n",
    "from sklearn.linear_model import LogisticRegression"
   ]
  },
  {
   "cell_type": "code",
   "execution_count": 2,
   "metadata": {},
   "outputs": [],
   "source": [
    "# paths\n",
    "path_embeddings_train = lambda KFOLD: f\"/home/avila/github/panspace-paper/output/7mer/test-autoencoder/cross-validation/binary_crossentropy-relu-sigmoid-{KFOLD}-fold/faiss-embeddings/embeddings.npy\"\n",
    "path_labels_train = lambda KFOLD: f\"/home/avila/github/panspace-paper/output/7mer/test-autoencoder/cross-validation/binary_crossentropy-relu-sigmoid-{KFOLD}-fold/faiss-embeddings/labels.json\"\n",
    "\n",
    "path_embeddings_test = lambda KFOLD: f\"/home/avila/github/panspace-paper/output/7mer/test-autoencoder/cross-validation/binary_crossentropy-relu-sigmoid-{KFOLD}-fold/test/embeddings.npy\"\n",
    "path_labels_test = lambda KFOLD: f\"/home/avila/github/panspace-paper/output/7mer/test-autoencoder/cross-validation/binary_crossentropy-relu-sigmoid-{KFOLD}-fold/faiss-embeddings/labels.json\""
   ]
  },
  {
   "cell_type": "code",
   "execution_count": 5,
   "metadata": {},
   "outputs": [],
   "source": [
    "def run(KFOLD):\n",
    "    \n",
    "    X_train = np.load(path_embeddings_train(KFOLD)) \n",
    "    with open(path_labels_train(KFOLD)) as fp:\n",
    "        y_train = json.load(fp)\n",
    "        y_train = pd.Series(y_train, name=\"label\") \n",
    "\n",
    "    unique_labels = y_train.unique()\n",
    "    unique_labels.sort()\n",
    "    dict_labels = {label: idx for idx, label in enumerate(unique_labels)}\n",
    "\n",
    "    X_test = np.load(path_embeddings_test(KFOLD)) \n",
    "    with open(path_labels_train(KFOLD)) as fp:\n",
    "        y_test = json.load(fp)\n",
    "        y_test = pd.Series(y_test, name=\"label\")\n",
    "\n",
    "    labels_test = [dict_labels[label] for label in y_test]\n",
    "\n",
    "    clf = LogisticRegression(random_state=42).fit(X_train, y_train)\n",
    "\n",
    "    pred_probs = clf.predict_proba(X_test)\n",
    "\n",
    "    return pred_probs, labels_test"
   ]
  },
  {
   "cell_type": "code",
   "execution_count": 6,
   "metadata": {},
   "outputs": [],
   "source": [
    "pred_probs, labels = run(4)"
   ]
  },
  {
   "cell_type": "code",
   "execution_count": 7,
   "metadata": {},
   "outputs": [
    {
     "data": {
      "text/plain": [
       "array([[0.01366404, 0.00404112, 0.98229484],\n",
       "       [0.02617517, 0.95807484, 0.01574999],\n",
       "       [0.0221984 , 0.96139139, 0.01641021],\n",
       "       [0.01478156, 0.0045011 , 0.98071734],\n",
       "       [0.0124543 , 0.00412626, 0.98341945],\n",
       "       [0.01499969, 0.00539613, 0.97960418],\n",
       "       [0.014856  , 0.0053588 , 0.9797852 ],\n",
       "       [0.01170438, 0.00467934, 0.98361628],\n",
       "       [0.01316369, 0.00385655, 0.98297976],\n",
       "       [0.9185763 , 0.01975767, 0.06166603],\n",
       "       [0.93750896, 0.01754289, 0.04494814],\n",
       "       [0.01452096, 0.004778  , 0.98070104],\n",
       "       [0.02353679, 0.96138568, 0.01507753],\n",
       "       [0.93584646, 0.01879361, 0.04535993],\n",
       "       [0.90718625, 0.02050439, 0.07230936],\n",
       "       [0.0234211 , 0.96047932, 0.01609958],\n",
       "       [0.01412403, 0.00394504, 0.98193093],\n",
       "       [0.01288969, 0.00403868, 0.98307164],\n",
       "       [0.93760121, 0.01782043, 0.04457837],\n",
       "       [0.02425411, 0.96007814, 0.01566775],\n",
       "       [0.01423682, 0.00436697, 0.98139621],\n",
       "       [0.01306015, 0.00411746, 0.98282239],\n",
       "       [0.01473847, 0.00630329, 0.97895824],\n",
       "       [0.02347044, 0.96191979, 0.01460977],\n",
       "       [0.01526588, 0.00802612, 0.97670801],\n",
       "       [0.0226488 , 0.96141926, 0.01593194],\n",
       "       [0.01180805, 0.00457476, 0.98361719],\n",
       "       [0.01476752, 0.00662883, 0.97860366],\n",
       "       [0.02196029, 0.96220578, 0.01583393],\n",
       "       [0.02369396, 0.96102642, 0.01527962],\n",
       "       [0.92928287, 0.01871103, 0.05200609],\n",
       "       [0.01459122, 0.0066441 , 0.97876467],\n",
       "       [0.93849242, 0.01798847, 0.04351911],\n",
       "       [0.01272031, 0.00415822, 0.98312148],\n",
       "       [0.0145105 , 0.00633218, 0.97915732],\n",
       "       [0.02262878, 0.96224242, 0.01512881],\n",
       "       [0.01166927, 0.00405484, 0.98427589],\n",
       "       [0.93173273, 0.01845934, 0.04980793],\n",
       "       [0.01411333, 0.00414245, 0.98174422],\n",
       "       [0.01492138, 0.00585431, 0.97922431],\n",
       "       [0.01426292, 0.00409559, 0.98164149],\n",
       "       [0.01380045, 0.00386048, 0.98233907],\n",
       "       [0.0139671 , 0.00427946, 0.98175344],\n",
       "       [0.93147863, 0.01788674, 0.05063463],\n",
       "       [0.93355621, 0.01732079, 0.049123  ],\n",
       "       [0.01316582, 0.00397877, 0.98285541],\n",
       "       [0.01437553, 0.0039857 , 0.98163877],\n",
       "       [0.0218341 , 0.00533336, 0.97283254],\n",
       "       [0.01192272, 0.00394801, 0.98412927],\n",
       "       [0.01407732, 0.0039583 , 0.98196438],\n",
       "       [0.0120802 , 0.00399011, 0.98392969],\n",
       "       [0.0223109 , 0.96267374, 0.01501536],\n",
       "       [0.01329772, 0.00392003, 0.98278225],\n",
       "       [0.93914768, 0.01725347, 0.04359886],\n",
       "       [0.01290934, 0.00406662, 0.98302403],\n",
       "       [0.01393851, 0.00409277, 0.98196872],\n",
       "       [0.01381872, 0.00402068, 0.98216061],\n",
       "       [0.01406766, 0.00394111, 0.98199123],\n",
       "       [0.01298887, 0.00398379, 0.98302733],\n",
       "       [0.0130322 , 0.00385133, 0.98311647],\n",
       "       [0.01436896, 0.00462618, 0.98100485],\n",
       "       [0.01367336, 0.00392922, 0.98239742],\n",
       "       [0.93980868, 0.01644573, 0.04374559],\n",
       "       [0.01360364, 0.00376055, 0.98263581],\n",
       "       [0.02214793, 0.96239218, 0.01545989],\n",
       "       [0.01263531, 0.00405397, 0.98331072],\n",
       "       [0.01462858, 0.00452088, 0.98085053],\n",
       "       [0.01377556, 0.0039715 , 0.98225294],\n",
       "       [0.01489888, 0.00585885, 0.97924227],\n",
       "       [0.0120396 , 0.00405833, 0.98390207],\n",
       "       [0.01467565, 0.00587259, 0.97945176],\n",
       "       [0.93616483, 0.01763007, 0.0462051 ],\n",
       "       [0.02369488, 0.9603737 , 0.01593142],\n",
       "       [0.93873729, 0.01836178, 0.04290094],\n",
       "       [0.01447926, 0.005979  , 0.97954173],\n",
       "       [0.0224485 , 0.9605128 , 0.0170387 ],\n",
       "       [0.01229044, 0.00415716, 0.98355241],\n",
       "       [0.0149495 , 0.00520089, 0.97984961],\n",
       "       [0.01452288, 0.00402826, 0.98144886],\n",
       "       [0.01362219, 0.00408658, 0.98229122],\n",
       "       [0.93118913, 0.02009462, 0.04871625],\n",
       "       [0.01395603, 0.00404143, 0.98200254],\n",
       "       [0.93273513, 0.01878724, 0.04847764],\n",
       "       [0.93568469, 0.01651022, 0.04780509],\n",
       "       [0.01424087, 0.00406276, 0.98169637],\n",
       "       [0.01478877, 0.00707821, 0.97813303],\n",
       "       [0.02479684, 0.9597319 , 0.01547126],\n",
       "       [0.01502288, 0.00410155, 0.98087558],\n",
       "       [0.02151414, 0.96380877, 0.01467709],\n",
       "       [0.01405048, 0.00447362, 0.98147591],\n",
       "       [0.93094538, 0.01734783, 0.05170679],\n",
       "       [0.01271721, 0.00371408, 0.98356871],\n",
       "       [0.02266756, 0.96140401, 0.01592843],\n",
       "       [0.01359271, 0.00386132, 0.98254598],\n",
       "       [0.93548716, 0.01836673, 0.04614611],\n",
       "       [0.02433921, 0.95907325, 0.01658755],\n",
       "       [0.93566996, 0.01772455, 0.04660549],\n",
       "       [0.02207674, 0.96161338, 0.01630988],\n",
       "       [0.02306704, 0.96225379, 0.01467916],\n",
       "       [0.01208768, 0.00421629, 0.98369602],\n",
       "       [0.02657902, 0.95801094, 0.01541004],\n",
       "       [0.01272008, 0.00402755, 0.98325237],\n",
       "       [0.9400041 , 0.01701011, 0.04298579],\n",
       "       [0.01418313, 0.00437201, 0.98144486],\n",
       "       [0.0133328 , 0.00393417, 0.98273303],\n",
       "       [0.92957721, 0.01871572, 0.05170706],\n",
       "       [0.93359102, 0.01675019, 0.04965879],\n",
       "       [0.014081  , 0.00452663, 0.98139237],\n",
       "       [0.01762197, 0.00573277, 0.97664526],\n",
       "       [0.01344292, 0.00376839, 0.98278869],\n",
       "       [0.93694923, 0.01701776, 0.04603302],\n",
       "       [0.0137689 , 0.00395633, 0.98227477],\n",
       "       [0.0125562 , 0.00406085, 0.98338295],\n",
       "       [0.01243649, 0.00376062, 0.9838029 ],\n",
       "       [0.01422641, 0.00383121, 0.98194238],\n",
       "       [0.01364098, 0.00387326, 0.98248575],\n",
       "       [0.01228082, 0.00400711, 0.98371206],\n",
       "       [0.02369182, 0.95905055, 0.01725763],\n",
       "       [0.92885775, 0.01796373, 0.05317852],\n",
       "       [0.9338199 , 0.01754291, 0.04863719],\n",
       "       [0.01322067, 0.00389376, 0.98288557],\n",
       "       [0.01430175, 0.0060398 , 0.97965844],\n",
       "       [0.01420957, 0.00427356, 0.98151687],\n",
       "       [0.01463582, 0.00606187, 0.9793023 ],\n",
       "       [0.01435384, 0.00475414, 0.98089202],\n",
       "       [0.01532546, 0.00500137, 0.97967317],\n",
       "       [0.0118924 , 0.00399013, 0.98411747],\n",
       "       [0.93274488, 0.01727197, 0.04998315],\n",
       "       [0.01483781, 0.00440301, 0.98075917],\n",
       "       [0.01241066, 0.00399715, 0.98359219],\n",
       "       [0.01474298, 0.00754436, 0.97771266],\n",
       "       [0.01367336, 0.00392922, 0.98239742],\n",
       "       [0.02239   , 0.96073994, 0.01687007],\n",
       "       [0.01421066, 0.00601597, 0.97977337],\n",
       "       [0.01431629, 0.0040711 , 0.98161261],\n",
       "       [0.02305559, 0.96226221, 0.0146822 ],\n",
       "       [0.01247884, 0.00379414, 0.98372702],\n",
       "       [0.02387291, 0.95990777, 0.01621932],\n",
       "       [0.93929527, 0.01659868, 0.04410605],\n",
       "       [0.02204548, 0.96163553, 0.01631899],\n",
       "       [0.9338152 , 0.01814025, 0.04804455],\n",
       "       [0.01255779, 0.00406588, 0.98337632],\n",
       "       [0.0143444 , 0.00445602, 0.98119958],\n",
       "       [0.92829641, 0.01824221, 0.05346137],\n",
       "       [0.93193513, 0.01800264, 0.05006222],\n",
       "       [0.0232142 , 0.96185996, 0.01492584],\n",
       "       [0.01255219, 0.00394938, 0.98349843],\n",
       "       [0.01373302, 0.00389916, 0.98236782],\n",
       "       [0.01244944, 0.00397735, 0.98357322],\n",
       "       [0.01452341, 0.0071214 , 0.97835519],\n",
       "       [0.93236823, 0.01843657, 0.0491952 ],\n",
       "       [0.01445694, 0.00540876, 0.9801343 ],\n",
       "       [0.02411277, 0.9581304 , 0.01775683],\n",
       "       [0.01313289, 0.00383077, 0.98303635],\n",
       "       [0.01342105, 0.00395937, 0.98261958],\n",
       "       [0.92956863, 0.01815222, 0.05227915],\n",
       "       [0.01440995, 0.00791395, 0.9776761 ],\n",
       "       [0.01464861, 0.0057093 , 0.97964209],\n",
       "       [0.01209483, 0.00410178, 0.98380339],\n",
       "       [0.01488169, 0.00477077, 0.98034754],\n",
       "       [0.02317442, 0.96100937, 0.01581621],\n",
       "       [0.01329751, 0.00418104, 0.98252146],\n",
       "       [0.02303523, 0.96086269, 0.01610208],\n",
       "       [0.01474765, 0.00451892, 0.98073343],\n",
       "       [0.01436949, 0.00448518, 0.98114533],\n",
       "       [0.0146466 , 0.00401623, 0.98133717],\n",
       "       [0.01385098, 0.00429376, 0.98185526],\n",
       "       [0.02638186, 0.95780101, 0.01581713],\n",
       "       [0.02335577, 0.9606543 , 0.01598992],\n",
       "       [0.02367278, 0.96017342, 0.0161538 ],\n",
       "       [0.02246147, 0.96220516, 0.01533337],\n",
       "       [0.01322936, 0.00392613, 0.98284452],\n",
       "       [0.0151699 , 0.0061463 , 0.97868379],\n",
       "       [0.012234  , 0.00389764, 0.98386835],\n",
       "       [0.02417272, 0.95994132, 0.01588596],\n",
       "       [0.93591897, 0.01755474, 0.04652629],\n",
       "       [0.01483918, 0.00614714, 0.97901368],\n",
       "       [0.01410391, 0.00626415, 0.97963194],\n",
       "       [0.01173387, 0.00408051, 0.98418562],\n",
       "       [0.93695943, 0.01844402, 0.04459655],\n",
       "       [0.93230418, 0.01859403, 0.04910179],\n",
       "       [0.01304971, 0.00405632, 0.98289397],\n",
       "       [0.0148107 , 0.00444118, 0.98074812],\n",
       "       [0.02945269, 0.00701658, 0.96353072],\n",
       "       [0.93682423, 0.01679108, 0.04638469],\n",
       "       [0.01432717, 0.00454163, 0.9811312 ],\n",
       "       [0.01179471, 0.00401276, 0.98419253],\n",
       "       [0.93287439, 0.01824975, 0.04887586],\n",
       "       [0.02427853, 0.96071513, 0.01500634],\n",
       "       [0.02364674, 0.96058634, 0.01576692],\n",
       "       [0.01267491, 0.00395755, 0.98336754],\n",
       "       [0.93379922, 0.01861723, 0.04758354],\n",
       "       [0.01306015, 0.00411746, 0.98282239],\n",
       "       [0.01216819, 0.00397104, 0.98386077],\n",
       "       [0.01170341, 0.00455974, 0.98373685],\n",
       "       [0.01397597, 0.00427452, 0.98174951],\n",
       "       [0.93610347, 0.01711652, 0.04678001],\n",
       "       [0.01444888, 0.00470566, 0.98084546],\n",
       "       [0.01453105, 0.00436903, 0.98109992],\n",
       "       [0.01318475, 0.00405574, 0.98275951],\n",
       "       [0.93037782, 0.0176569 , 0.05196529],\n",
       "       [0.01364831, 0.00388279, 0.9824689 ],\n",
       "       [0.01166568, 0.00404639, 0.98428794],\n",
       "       [0.01452923, 0.00395001, 0.98152076],\n",
       "       [0.92749215, 0.01843321, 0.05407464],\n",
       "       [0.01320484, 0.00403395, 0.98276121],\n",
       "       [0.01156113, 0.00394537, 0.9844935 ]])"
      ]
     },
     "execution_count": 7,
     "metadata": {},
     "output_type": "execute_result"
    }
   ],
   "source": [
    "pred_probs"
   ]
  },
  {
   "cell_type": "code",
   "execution_count": null,
   "metadata": {},
   "outputs": [],
   "source": []
  },
  {
   "cell_type": "code",
   "execution_count": null,
   "metadata": {},
   "outputs": [],
   "source": []
  },
  {
   "cell_type": "code",
   "execution_count": null,
   "metadata": {},
   "outputs": [],
   "source": []
  }
 ],
 "metadata": {
  "kernelspec": {
   "display_name": "panspace",
   "language": "python",
   "name": "python3"
  },
  "language_info": {
   "codemirror_mode": {
    "name": "ipython",
    "version": 3
   },
   "file_extension": ".py",
   "mimetype": "text/x-python",
   "name": "python",
   "nbconvert_exporter": "python",
   "pygments_lexer": "ipython3",
   "version": "3.10.14"
  }
 },
 "nbformat": 4,
 "nbformat_minor": 2
}
